image: plan.png
resolution: 0.008500
origin: [-4.000000, -7.000000, 0.000000]
negate: 0
occupied_thresh: 0.65
free_thresh: 0.196

