%YAML:1.0
---
K1: !!opencv-matrix
   rows: 3
   cols: 3
   dt: d
   data: [ 4.1718100543631346e+02, 0., 3.3653694547238422e+02, 0.,
       4.1780575697857716e+02, 2.1909064052389985e+02, 0., 0., 1. ]
K2: !!opencv-matrix
   rows: 3
   cols: 3
   dt: d
   data: [ 4.1560665452579030e+02, 0., 3.3093941267658795e+02, 0.,
       4.1617331825037104e+02, 2.3929845918850694e+02, 0., 0., 1. ]
D1: [ -4.8841750946790772e-03, 1.1046947345581877e-02,
    -2.0957455822862105e-02, 1.3360753831541339e-02 ]
D2: [ 8.5902660536994607e-03, -4.4955930351495206e-02,
    7.2074191009562236e-02, -3.8446077720698357e-02 ]
R: !!opencv-matrix
   rows: 3
   cols: 3
   dt: d
   data: [ 9.9992041459414116e-01, 3.8983620190808374e-03,
       -1.1998635399452846e-02, -3.9022716004214761e-03,
       9.9999234037360996e-01, -3.0244084825765689e-04,
       1.1997364470472630e-02, 3.4923871254312290e-04,
       9.9992796804474082e-01 ]
T: [ -8.0571973098119614e+01, 7.3239542576217249e-03,
    -6.2689775936063896e-01 ]
R1: !!opencv-matrix
   rows: 3
   cols: 3
   dt: d
   data: [ 9.9998384392256334e-01, 3.8100651324291385e-03,
       -4.2184472902993759e-03, -3.8107215114326922e-03,
       9.9999272828581531e-01, -1.4757050486978397e-04,
       4.2178543617212008e-03, 1.6364344854324361e-04,
       9.9999109142302134e-01 ]
R2: !!opencv-matrix
   rows: 3
   cols: 3
   dt: d
   data: [ 9.9996972842668319e-01, -9.0896775484460100e-05,
       7.7803578350584988e-03, 8.9686082371158446e-05,
       9.9999998381680377e-01, 1.5595768303273768e-04,
       -7.7803718851979387e-03, -1.5525517213465446e-04,
       9.9996972039615273e-01 ]
P1: !!opencv-matrix
   rows: 3
   cols: 4
   dt: d
   data: [ 3.3402932000476329e+02, 0., 3.0990013998748083e+02, 0., 0.,
       3.3402932000476329e+02, 2.2772015299209536e+02, 0., 0., 0., 1.,
       0. ]
P2: !!opencv-matrix
   rows: 3
   cols: 4
   dt: d
   data: [ 3.3402932000476329e+02, 0., 3.0990013998748083e+02,
       -2.6914216121073547e+04, 0., 3.3402932000476329e+02,
       2.2772015299209536e+02, 0., 0., 0., 1., 0. ]
Q: !!opencv-matrix
   rows: 4
   cols: 4
   dt: d
   data: [ 1., 0., 0., -3.0990013998748083e+02, 0., 1., 0.,
       -2.2772015299209536e+02, 0., 0., 0., 3.3402932000476329e+02, 0.,
       0., 1.2410887930086208e-02, 0. ]
